{
  "schema": "just-dodge-pvp005-r6k-c0-skeleton-v1",
  "source_path": "/run/media/vdubrov/NVMe-Storage1/Just Dodge/assets/source/meshy/c0_armored_duelist_001/cooked/c0_armored_duelist.bin",
  "source_sha256": "36a9c4e41f7e33ff58d68c10aa59a6b6cdbfb7e0384e0402e520801c205a1c7e",
  "coordinate_contract": {"asset_up": "+Z", "asset_forward": "-Y", "asset_linear_unit": "centimetres under root scale 0.01", "runtime_up": "+Y", "runtime_forward": "+Z", "runtime_linear_unit": "metres", "asset_to_runtime_xyz": ["x", "z", "-y"]},
  "bones": [
    {"index":0,"name":"Hips","parent":-1,"rest_local_col_major":[0.000662692,0.002696150,0.009606852,0.000000000,-0.009939870,-0.000662688,0.000871647,0.000000000,0.000871644,-0.009606853,0.002636023,0.000000000,-0.003638034,1.012723446,-0.011150402,1.000000000],"inverse_bind_col_major":[6.626920223,-99.398750305,8.716437340,-0.000000000,26.961500168,-6.626883507,-96.068511963,0.000000000,96.068519592,8.716473579,26.360227585,-0.000000000,-26.209230423,6.446776390,97.616477966,1.000000000]},
    {"index":1,"name":"LeftUpLeg","parent":0,"rest_local_col_major":[-0.005114341,-0.999548197,-0.029617535,0.000000000,-0.201014563,-0.027985718,0.979188204,0.000000000,-0.979574859,0.010961488,-0.200780690,0.000000000,-1.417624712,-8.950084686,10.482417107,1.000000000],"inverse_bind_col_major":[99.061790466,9.984674454,-9.331212044,-0.000000000,9.331310272,-99.303390503,-7.194747448,0.000000000,-9.984590530,6.256513119,-99.303382874,-0.000000000,-17.843807220,89.873260498,6.959169865,1.000000000]},
    {"index":2,"name":"LeftLeg","parent":1,"rest_local_col_major":[0.999270380,0.019271273,-0.032969665,0.000000000,-0.011745987,0.976582706,0.214821443,0.000000000,0.036337484,-0.214277491,0.976096451,0.000000000,0.000027210,39.715820312,0.000000596,1.000000000],"inverse_bind_col_major":[99.489608765,6.582738400,-7.647999763,-0.000000000,7.648008347,-98.633155823,14.594790459,0.000000000,-6.582737923,-15.105218887,-98.633155823,0.000000000,-17.093664169,50.687458038,-4.603188992,1.000000000]},
    {"index":3,"name":"LeftFoot","parent":2,"rest_local_col_major":[0.996791661,0.046827957,0.064911798,0.000000000,0.040360995,0.406259060,-0.912866116,0.000000000,-0.069118656,0.912557185,0.403065622,0.000000000,0.000060409,40.726837158,0.000058413,1.000000000],"inverse_bind_col_major":[98.982223511,13.671396255,-3.952109575,-0.000000000,3.952056408,-53.085021973,-84.654373169,0.000000000,-13.671421051,83.636550903,-53.085025787,-0.000000000,-16.871252060,7.558821678,8.415723801,1.000000000]},
    {"index":4,"name":"LeftToeBase","parent":3,"rest_local_col_major":[0.998912215,-0.000002334,0.046631541,0.000000000,0.024756355,0.847465217,-0.530273318,0.000000000,-0.039517365,0.530850887,0.846543491,0.000000000,-0.000055879,14.369262695,-0.000064075,1.000000000],"inverse_bind_col_major":[98.690216064,16.132171631,0.000323843,-0.000000000,0.000318245,0.000080609,-99.999992371,0.000000000,-16.132177353,98.690185547,0.000020732,-0.000000000,-16.460386276,-10.651949883,4.175705433,1.000000000]},
    {"index":5,"name":"RightUpLeg","parent":0,"rest_local_col_major":[0.132810205,-0.971428275,0.196693018,0.000000000,-0.215921372,0.165327191,0.962311983,0.000000000,-0.967335999,-0.170275152,-0.187795058,0.000000000,-2.702588558,9.866328239,8.882789612,1.000000000],"inverse_bind_col_major":[99.153381348,-9.476281166,8.877777100,-0.000000000,-8.877706528,-99.365104675,-6.911249638,0.000000000,9.476330757,6.064587593,-99.365097046,-0.000000000,17.653230667,89.899787903,6.657341957,1.000000000]},
    {"index":6,"name":"RightLeg","parent":5,"rest_local_col_major":[0.999716043,-0.006534028,0.022914883,0.000000000,0.001328030,0.975452602,0.220205650,0.000000000,-0.023791183,-0.220112696,0.975184202,0.000000000,-0.000090405,39.918251038,-0.000120163,1.000000000],"inverse_bind_col_major":[99.390586853,-7.157047749,8.384342194,-0.000000000,-8.384302139,-98.459632874,15.342991829,0.000000000,7.157076836,-15.952455521,-98.459648132,-0.000000000,17.474285126,50.244071960,-4.929312229,1.000000000]},
    {"index":7,"name":"RightFoot","parent":6,"rest_local_col_major":[0.997562528,-0.054122232,-0.044044267,0.000000000,-0.017439663,0.417788327,-0.908377171,0.000000000,0.067564562,0.906931102,0.415826142,0.000000000,0.000027746,39.958480835,-0.000057101,1.000000000],"inverse_bind_col_major":[99.166397095,-12.339612007,3.710760832,-0.000000000,-3.710781813,-54.926284790,-83.482543945,0.000000000,12.339593887,82.648902893,-54.926284790,-0.000000000,17.092088699,8.470077515,8.459249496,1.000000000]},
    {"index":8,"name":"RightToeBase","parent":7,"rest_local_col_major":[0.999013543,-0.000001443,-0.044405535,0.000000000,-0.024389138,0.835649610,-0.548721135,0.000000000,0.037108257,0.549262881,0.834825218,0.000000000,-0.000020549,14.714118004,0.000066638,1.000000000],"inverse_bind_col_major":[98.903816223,-14.766345024,0.000038687,-0.000000000,0.000044849,0.000012790,-100.000015259,0.000000000,14.766336441,98.903785706,0.000022068,-0.000000000,16.699623108,-10.276423454,4.266579151,1.000000000]},
    {"index":9,"name":"Spine02","parent":0,"rest_local_col_major":[0.060811408,-0.994071722,0.090128884,0.000000000,0.303700626,-0.067587756,-0.950366855,0.000000000,0.950824678,0.085165344,0.297790229,0.000000000,4.120232582,-0.917241633,-12.893416405,1.000000000],"inverse_bind_col_major":[99.998092651,0.446922153,0.431377947,-0.000000000,-0.431386590,99.936508179,-3.536981344,0.000000000,-0.446923643,3.535063028,99.936500549,-0.000000000,0.795397878,-114.733810425,4.697919846,1.000000000]},
    {"index":10,"name":"Spine01","parent":9,"rest_local_col_major":[0.999999940,-0.000000019,-0.000000390,0.000000000,0.000000019,0.999999940,0.000000172,0.000000000,0.000000390,-0.000000172,0.999999940,0.000000000,0.000120125,13.566635132,0.000044610,1.000000000],"inverse_bind_col_major":[99.998092651,0.446924061,0.431416869,-0.000000000,-0.431387097,99.936508179,-3.536998272,0.000000000,-0.446962684,3.535080194,99.936500549,-0.000000000,0.795278370,-128.300445557,4.697896957,1.000000000]},
    {"index":11,"name":"Spine","parent":10,"rest_local_col_major":[0.999946773,-0.007832614,-0.006715339,0.000000000,0.007317440,0.997262359,-0.073580898,0.000000000,0.007273287,0.073527843,0.997266591,0.000000000,-0.000000952,13.566632271,-0.000010680,1.000000000],"inverse_bind_col_major":[99.986373901,1.145686626,1.190413833,-0.000000000,-1.190376282,99.920028687,3.817647934,0.000000000,-1.145735383,-3.831285477,99.920013428,-0.000000000,1.874879003,-141.818557739,-5.740328789,1.000000000]},
    {"index":12,"name":"LeftShoulder","parent":11,"rest_local_col_major":[-0.034475125,0.037745990,-0.998692632,0.000000000,0.999334693,0.013204345,-0.033998180,0.000000000,0.011903784,-0.999200165,-0.038176082,0.000000000,3.350377798,6.926428795,-0.326421857,1.000000000],"inverse_bind_col_major":[-4.592649460,99.894508362,0.000000811,-0.000000000,-0.000039098,0.000000877,-100.000015259,0.000000000,-99.894477844,-4.592666149,0.000026324,-0.000000000,-0.156828091,-3.254534245,148.815124512,1.000000000]},
    {"index":13,"name":"LeftArm","parent":12,"rest_local_col_major":[0.979937017,-0.100843452,-0.171912864,0.000000000,0.126610026,0.981122553,0.146178961,0.000000000,0.153926432,-0.165012076,0.974206150,0.000000000,-0.000002915,13.716070175,-0.000000109,1.000000000],"inverse_bind_col_major":[-14.574215889,97.427291870,-17.190731049,-0.000000000,17.191255569,-14.617903709,-97.420639038,0.000000000,-97.427162170,-17.153606415,-14.618527412,0.000000000,-24.025543213,5.083540916,147.752822876,1.000000000]},
    {"index":14,"name":"LeftForeArm","parent":13,"rest_local_col_major":[0.966605127,0.204938680,0.153866440,0.000000000,-0.174542934,0.966091990,-0.190265968,0.000000000,-0.187642023,0.157055736,0.969600081,0.000000000,-0.000051975,25.524677277,0.000178933,1.000000000],"inverse_bind_col_major":[3.234035015,99.938354492,1.368119001,-0.000000000,-1.368388534,1.412978292,-99.980644226,0.000000000,-99.938308716,3.214666128,1.413228393,-0.000000000,-4.678165436,-43.666824341,144.558700562,1.000000000]},
    {"index":15,"name":"LeftHand","parent":14,"rest_local_col_major":[0.994372249,0.051715706,-0.092460848,0.000000000,-0.042322833,0.994004965,0.100810423,0.000000000,0.097120039,-0.096329898,0.990599811,0.000000000,-0.000030994,24.063495636,-0.000046015,1.000000000],"inverse_bind_col_major":[8.257722855,99.340286255,-7.957705975,-0.000000000,7.956684589,-8.616672516,-99.309844971,0.000000000,-99.340332031,7.567535877,-8.615739822,-0.000000000,-21.520561218,-52.553264618,149.270034790,1.000000000]},
    {"index":16,"name":"RightShoulder","parent":11,"rest_local_col_major":[-0.059894558,-0.038822390,0.997449398,0.000000000,-0.998133540,-0.009586868,-0.060308836,0.000000000,0.011903748,-0.999200106,-0.038175743,0.000000000,-3.331186533,6.383435726,-0.427071482,1.000000000],"inverse_bind_col_major":[-4.845746994,-99.882568359,-0.000002202,0.000000000,0.000072849,-0.000003167,-100.000022888,0.000000000,99.882537842,-4.845729351,0.000061687,-0.000000000,0.142036080,-3.455121279,148.348281860,1.000000000]},
    {"index":17,"name":"RightArm","parent":16,"rest_local_col_major":[0.983620107,0.099192366,0.150506467,0.000000000,-0.118922219,0.984578013,0.128311560,0.000000000,-0.135457814,-0.144108430,0.980246961,0.000000000,-0.000001722,13.066531181,-0.000030736,1.000000000],"inverse_bind_col_major":[-14.673961639,-97.765899658,15.050307274,0.000000000,-15.050580025,-12.831171036,-98.024711609,0.000000000,97.765846252,-16.649248123,-12.831501961,-0.000000000,20.828273773,2.751062393,147.779632568,1.000000000]},
    {"index":18,"name":"RightForeArm","parent":17,"rest_local_col_major":[0.974334419,-0.198169604,-0.106777221,0.000000000,0.182855964,0.973404765,-0.138010472,0.000000000,0.131286934,0.114943497,0.984658241,0.000000000,0.000023365,26.387954712,0.000085950,1.000000000],"inverse_bind_col_major":[3.469853163,-99.926109314,1.655353546,-0.000000000,-1.654743195,-1.713574767,-99.971633911,0.000000000,99.926101685,3.441491365,-1.712988019,-0.000000000,9.198303223,-39.594818115,145.529907227,1.000000000]},
    {"index":19,"name":"RightHand","parent":18,"rest_local_col_major":[0.994985521,-0.081526123,0.057939466,0.000000000,0.077822082,0.994940042,0.063544974,0.000000000,-0.062826864,-0.058717348,0.996295571,0.000000000,-0.000065804,23.319591522,-0.000193581,1.000000000],"inverse_bind_col_major":[11.694955826,-99.045272827,7.298619747,-0.000000000,-7.299048424,-8.186372757,-99.396728516,0.000000000,99.045227051,11.091683388,-8.186762810,-0.000000000,22.713352203,-52.632526398,148.107269287,1.000000000]},
    {"index":20,"name":"neck","parent":11,"rest_local_col_major":[0.999997735,0.001798259,0.001098798,0.000000000,-0.001874252,0.997286379,0.073595516,0.000000000,-0.000963472,-0.073597424,0.997287452,0.000000000,-0.019192228,10.211185455,0.753552496,1.000000000],"inverse_bind_col_major":[99.989532471,1.042787313,1.006531358,-0.000000000,-1.006496668,99.932083130,-3.545416832,0.000000000,-1.042830706,3.534925461,99.932083130,-0.000000000,1.613542676,-152.098693848,4.710905075,1.000000000]},
    {"index":21,"name":"Head","parent":20,"rest_local_col_major":[0.999984980,0.005300084,0.001427947,0.000000000,-0.005288067,0.860442519,0.509520233,0.000000000,0.001471832,-0.509520113,0.860457659,0.000000000,0.000001152,7.204845428,-0.000002663,1.000000000],"inverse_bind_col_major":[99.994995117,0.881355286,0.481924295,-0.000000000,-0.481895745,84.184669495,-53.969570160,0.000000000,-0.881381810,53.964527130,84.184661865,-0.000000000,0.775922000,-134.679763794,85.224266052,1.000000000]},
    {"index":22,"name":"head_end","parent":21,"rest_local_col_major":[0.999985814,-0.005156740,0.001358181,0.000000000,0.005156752,0.870253682,-0.492577136,0.000000000,0.001358129,0.492577076,0.870267868,0.000000000,0.108449042,18.301237106,-10.358831406,1.000000000],"inverse_bind_col_major":[99.989677429,1.045267224,0.989344597,-0.000000000,-0.989307523,99.843673706,-5.501193523,0.000000000,-1.045312047,5.490843773,99.843673706,-0.000000000,1.586165428,-180.210845947,7.828857422,1.000000000]},
    {"index":23,"name":"headfront","parent":21,"rest_local_col_major":[0.999949634,0.008813546,0.004818994,0.000000000,-0.008813486,0.539645374,0.841846526,0.000000000,0.004819106,-0.841846466,0.539695799,0.000000000,-0.108447514,6.640113354,10.358759880,1.000000000],"inverse_bind_col_major":[100.000030518,0.000021094,0.000013039,-0.000000000,0.000015087,0.000019272,-100.000015259,0.000000000,-0.000033341,100.000007629,0.000013312,-0.000000000,-0.000428131,-13.245143890,159.378463745,1.000000000]}
  ]
}
