{
  "schema": "c0_reference_pose_v1",
  "frame": 1,
  "bone_count": 163,
  "uniform_runtime_scale": 0.9189499701711632,
  "reference_height_m": 1.9587573409080505,
  "bones": [
    {
      "name": "root",
      "parent": null,
      "rest_local": [
        1.0,
        0.0,
        -0.0,
        0.0,
        -0.0,
        -0.98322993516922,
        -0.18237008154392242,
        0.06269058585166931,
        0.0,
        0.18237008154392242,
        -0.9832271337509155,
        0.9992961287498474,
        0.0,
        0.0,
        0.0,
        1.0
      ],
      "reference_local": [
        1.0,
        0.0,
        0.0,
        0.0,
        0.0,
        -0.98322993516922,
        -0.18237008154392242,
        0.06269058585166931,
        0.0,
        0.18237008154392242,
        -0.9832271337509155,
        0.9992961287498474,
        0.0,
        0.0,
        0.0,
        1.0
      ]
    },
    {
      "name": "pelvis.L",
      "parent": "root",
      "rest_local": [
        -0.10297924280166626,
        0.994423508644104,
        -0.022736281156539917,
        0.0,
        -0.9898690581321716,
        -0.10020791739225388,
        0.10058560967445374,
        0.07120948284864426,
        0.09774629771709442,
        0.032864175736904144,
        0.9946685433387756,
        1.3387762010097504e-08,
        0.0,
        0.0,
        0.0,
        1.0
      ],
      "reference_local": [
        -0.10297924280166626,
        0.994423508644104,
        -0.022736281156539917,
        0.0,
        -0.9898690581321716,
        -0.10020791739225388,
        0.10058560967445374,
        0.07120948284864426,
        0.09774629771709442,
        0.032864175736904144,
        0.9946685433387756,
        1.3387762010097504e-08,
        0.0,
        0.0,
        0.0,
        1.0
      ]
    },
    {
      "name": "upperleg01.L",
      "parent": "pelvis.L",
      "rest_local": [
        -0.26150766015052795,
        0.022288871929049492,
        0.9649442434310913,
        1.3504177331924438e-08,
        0.9570293426513672,
        0.13580641150474548,
        0.2562257945537567,
        0.11505511403083801,
        -0.12533459067344666,
        0.990484893321991,
        -0.056845612823963165,
        -7.502967491745949e-08,
        0.0,
        0.0,
        0.0,
        1.0
      ],
      "reference_local": [
        -0.2544749081134796,
        0.28573429584503174,
        0.9239040613174438,
        1.3504177331924438e-08,
        0.9636703133583069,
        0.15506844222545624,
        0.21747024357318878,
        0.11505511403083801,
        -0.08112961053848267,
        0.9456799030303955,
        -0.3148147463798523,
        -7.502967491745949e-08,
        0.0,
        0.0,
        0.0,
        1.0
      ]
    },
    {
      "name": "upperleg02.L",
      "parent": "upperleg01.L",
      "rest_local": [
        0.9845600128173828,
        -0.05653558671474457,
        -0.1656658798456192,
        -1.3969838619232178e-09,
        0.01956416293978691,
        0.9760182499885559,
        -0.21680797636508942,
        0.10612334311008453,
        0.17395024001598358,
        0.2102193683385849,
        0.9620546102523804,
        -3.725290298461914e-09,
        0.0,
        0.0,
        0.0,
        1.0
      ],
      "reference_local": [
        0.9851198196411133,
        2.87545844912529e-07,
        -0.17186875641345978,
        -1.1408701539039612e-08,
        -2.3725442588329315e-07,
        1.000000238418579,
        2.6496127247810364e-07,
        0.10612327605485916,
        0.17186877131462097,
        -2.3562461137771606e-07,
        0.985119640827179,
        -7.916241884231567e-09,
        0.0,
        0.0,
        0.0,
        1.0
      ]
    },
    {
      "name": "lowerleg01.L",
      "parent": "upperleg02.L",
      "rest_local": [
        0.9985249638557434,
        0.02166655659675598,
        0.049783769994974136,
        -7.916241884231567e-09,
        -0.018380288034677505,
        0.9976803660392761,
        -0.06554568558931351,
        0.37434205412864685,
        -0.05108843371272087,
        0.06453394889831543,
        0.9966068863868713,
        -9.313225746154785e-10,
        0.0,
        0.0,
        0.0,
        1.0
      ],
      "reference_local": [
        0.9988008141517639,
        5.9678684920072556e-05,
        0.04895700886845589,
        1.3387762010097504e-09,
        0.006860806606709957,
        0.9899603724479675,
        -0.14117814600467682,
        0.3743421137332916,
        -0.04847392439842224,
        0.14134469628334045,
        0.9887728691101074,
        9.313225746154785e-10,
        0.0,
        0.0,
        0.0,
        1.0
      ]
    },
    {
      "name": "lowerleg02.L",
      "parent": "lowerleg01.L",
      "rest_local": [
        0.9999984502792358,
        -0.001323650823906064,
        -0.001206874381750822,
        -1.7462298274040222e-10,
        0.0013172588078305125,
        0.9999853372573853,
        -0.005268793553113937,
        0.2179405391216278,
        0.0012138313613831997,
        0.0052671879529953,
        0.99998539686203,
        3.3760443329811096e-09,
        0.0,
        0.0,
        0.0,
        1.0
      ],
      "reference_local": [
        0.999999463558197,
        9.359791874885559e-08,
        -0.0012103589251637459,
        2.136221155524254e-08,
        -1.026783138513565e-07,
        1.0000001192092896,
        1.391163095831871e-08,
        0.21794062852859497,
        0.0012103598564863205,
        -3.6612618714571e-08,
        0.9999991655349731,
        2.561137080192566e-09,
        0.0,
        0.0,
        0.0,
        1.0
      ]
    },
    {
      "name": "foot.L",
      "parent": "lowerleg02.L",
      "rest_local": [
        0.9884344339370728,
        -0.032143328338861465,
        -0.14820337295532227,
        -2.158049028366804e-08,
        0.1465752273797989,
        0.4531760513782501,
        0.8792878985404968,
        0.23993562161922455,
        0.038898978382349014,
        -0.8908413052558899,
        0.4526462256908417,
        -1.5133991837501526e-09,
        0.0,
        0.0,
        0.0,
        1.0
      ],
      "reference_local": [
        0.9884039759635925,
        -0.06928908824920654,
        -0.13511638343334198,
        2.35741026699543e-08,
        0.1469087451696396,
        0.6614271998405457,
        0.7354803085327148,
        0.23993560671806335,
        0.03840889409184456,
        -0.7468024492263794,
        0.6639359593391418,
        -1.30385160446167e-08,
        0.0,
        0.0,
        0.0,
        1.0
      ]
    },
    {
      "name": "toe1-1.L",
      "parent": "foot.L",
      "rest_local": [
        0.992760419845581,
        0.059535183012485504,
        0.10431718081235886,
        -0.0338437482714653,
        -0.08335501700639725,
        0.9668153524398804,
        0.2414945363998413,
        0.15320798754692078,
        -0.08647806197404861,
        -0.24844162166118622,
        0.9647789001464844,
        -0.036173999309539795,
        0.0,
        0.0,
        0.0,
        1.0
      ],
      "reference_local": [
        0.9927603602409363,
        0.059535183012485504,
        0.10431718826293945,
        -0.0338437557220459,
        -0.08335503190755844,
        0.9668154120445251,
        0.24149459600448608,
        0.15320800244808197,
        -0.08647806197404861,
        -0.24844159185886383,
        0.9647787809371948,
        -0.03617401421070099,
        0.0,
        0.0,
        0.0,
        1.0
      ]
    },
    {
      "name": "toe1-2.L",
      "parent": "toe1-1.L",
      "rest_local": [
        0.9881729483604431,
        0.04121686518192291,
        -0.14770081639289856,
        4.773028194904327e-09,
        -0.053124167025089264,
        0.9955680966377258,
        -0.07760052382946014,
        0.030095290392637253,
        0.14384779334068298,
        0.08452921360731125,
        0.98598313331604,
        9.313225746154785e-10,
        0.0,
        0.0,
        0.0,
        1.0
      ],
      "reference_local": [
        0.9881728887557983,
        0.041216857731342316,
        -0.14770081639289856,
        -4.889443516731262e-09,
        -0.05312417447566986,
        0.9955682754516602,
        -0.07760056853294373,
        0.03009532392024994,
        0.14384780824184418,
        0.08452919125556946,
        0.9859831929206848,
        9.313225746154785e-10,
        0.0,
        0.0,
        0.0,
        1.0
      ]
    },
    {
      "name": "toe2-1.L",
      "parent": "foot.L",
      "rest_local": [
        0.9993910789489746,
        0.03487788513302803,
        0.0008047702722251415,
        -0.007523238658905029,
        -0.032702911645174026,
        0.928536593914032,
        0.3697971999645233,
        0.15819011628627777,
        0.012150485068559647,
        -0.3695984482765198,
        0.9291120171546936,
        -0.03591863065958023,
        0.0,
        0.0,
        0.0,
        1.0
      ],
      "reference_local": [
        0.9993911385536194,
        0.03487788513302803,
        0.0008047744631767273,
        -0.007523238658905029,
        -0.032702911645174026,
        0.9285366535186768,
        0.3697972297668457,
        0.15819011628627777,
        0.012150482274591923,
        -0.3695984482765198,
        0.9291119575500488,
        -0.03591863065958023,
        0.0,
        0.0,
        0.0,
        1.0
      ]
    },
    {
      "name": "toe2-2.L",
      "parent": "toe2-1.L",
      "rest_local": [
        0.9982033967971802,
        -0.033760689198970795,
        -0.049499768763780594,
        -1.1990778148174286e-08,
        0.021683230996131897,
        0.9736918807029724,
        -0.2268342822790146,
        0.024328626692295074,
        0.055855587124824524,
        0.22535340487957,
        0.972674548625946,
        9.313225746154785e-10,
        0.0,
        0.0,
        0.0,
        1.0
      ],
      "reference_local": [
        0.998203456401825,
        -0.033760689198970795,
        -0.049499765038490295,
        -2.9103830456733704e-09,
        0.021683230996131897,
        0.9736919403076172,
        -0.22683417797088623,
        0.02432861179113388,
        0.05585560202598572,
        0.2253534495830536,
        0.9726746678352356,
        8.381903171539307e-09,
        0.0,
        0.0,
        0.0,
        1.0
      ]
    },
    {
      "name": "toe2-3.L",
      "parent": "toe2-2.L",
      "rest_local": [
        0.9384304285049438,
        0.02602938562631607,
        0.34448638558387756,
        1.0011717677116394e-08,
        -0.03774591162800789,
        0.9989131689071655,
        0.027347467839717865,
        0.0161947812885046,
        -0.34340009093284607,
        -0.03866669908165932,
        0.9383928179740906,
        1.862645149230957e-09,
        0.0,
        0.0,
        0.0,
        1.0
      ],
      "reference_local": [
        0.9384303689002991,
        0.02602938935160637,
        0.3444863557815552,
        1.885928213596344e-08,
        -0.03774591162800789,
        0.9989129304885864,
        0.02734745293855667,
        0.016194798052310944,
        -0.3434000611305237,
        -0.03866661339998245,
        0.938392698764801,
        3.725290298461914e-09,
        0.0,
        0.0,
        0.0,
        1.0
      ]
    },
    {
      "name": "toe3-1.L",
      "parent": "foot.L",
      "rest_local": [
        0.807701051235199,
        -0.0067426590248942375,
        -0.589553713798523,
        0.011405394412577152,
        0.23360678553581238,
        0.9217565059661865,
        0.3095041513442993,
        0.15698328614234924,
        0.5413380861282349,
        -0.3877106308937073,
        0.7460787296295166,
        -0.032639116048812866,
        0.0,
        0.0,
        0.0,
        1.0
      ],
      "reference_local": [
        0.8077009916305542,
        -0.006742656230926514,
        -0.5895536541938782,
        0.01140537392348051,
        0.23360678553581238,
        0.9217565059661865,
        0.3095041811466217,
        0.15698330104351044,
        0.5413380265235901,
        -0.3877106010913849,
        0.7460787296295166,
        -0.032639116048812866,
        0.0,
        0.0,
        0.0,
        1.0
      ]
    },
    {
      "name": "toe3-2.L",
      "parent": "toe3-1.L",
      "rest_local": [
        0.9057628512382507,
        0.0864153578877449,
        0.41488078236579895,
        -9.313225746154785e-09,
        0.0021092165261507034,
        0.9780575633049011,
        -0.20832407474517822,
        0.02236168086528778,
        -0.42377975583076477,
        0.1895672231912613,
        0.8857058882713318,
        1.862645149230957e-09,
        0.0,
        0.0,
        0.0,
        1.0
      ],
      "reference_local": [
        0.905762791633606,
        0.08641533553600311,
        0.4148808717727661,
        -1.4901161193847656e-08,
        0.0021092351526021957,
        0.9780575037002563,
        -0.20832404494285583,
        0.022361677139997482,
        -0.4237797260284424,
        0.1895672231912613,
        0.8857059478759766,
        -3.725290298461914e-09,
        0.0,
        0.0,
        0.0,
        1.0
      ]
    },
    {
      "name": "toe3-3.L",
      "parent": "toe3-2.L",
      "rest_local": [
        0.8801293969154358,
        0.01968216523528099,
        0.4743257761001587,
        -9.313225746154785e-10,
        -0.044297754764556885,
        0.998185932636261,
        0.04077640548348427,
        0.014609182253479958,
        -0.47266265749931335,
        -0.05690012499690056,
        0.8794045448303223,
        7.450580596923828e-09,
        0.0,
        0.0,
        0.0,
        1.0
      ],
      "reference_local": [
        0.880129337310791,
        0.019682181999087334,
        0.4743257462978363,
        4.6566128730773926e-09,
        -0.04429777339100838,
        0.9981858730316162,
        0.04077634960412979,
        0.01460918691009283,
        -0.47266265749931335,
        -0.05690000578761101,
        0.8794044852256775,
        3.725290298461914e-09,
        0.0,
        0.0,
        0.0,
        1.0
      ]
    },
    {
      "name": "toe4-1.L",
      "parent": "foot.L",
      "rest_local": [
        0.8503549695014954,
        -0.014561161398887634,
        -0.5260080099105835,
        0.028166769072413445,
        0.2049274742603302,
        0.9298624992370605,
        0.30554893612861633,
        0.14998763799667358,
        0.484666109085083,
        -0.36761853098869324,
        0.7936972379684448,
        -0.028541916981339455,
        0.0,
        0.0,
        0.0,
        1.0
      ],
      "reference_local": [
        0.8503549695014954,
        -0.014561161398887634,
        -0.5260080695152283,
        0.028166769072413445,
        0.2049275040626526,
        0.9298626184463501,
        0.3055489659309387,
        0.1499876230955124,
        0.4846660792827606,
        -0.36761850118637085,
        0.7936972379684448,
        -0.02854192443192005,
        0.0,
        0.0,
        0.0,
        1.0
      ]
    },
    {
      "name": "toe4-2.L",
      "parent": "toe4-1.L",
      "rest_local": [
        0.9082629084587097,
        0.015520773828029633,
        0.4181119501590729,
        9.313225746154785e-09,
        0.06890108436346054,
        0.9801202416419983,
        -0.1860567331314087,
        0.01747613586485386,
        -0.41268762946128845,
        0.1977967768907547,
        0.8891373872756958,
        1.30385160446167e-08,
        0.0,
        0.0,
        0.0,
        1.0
      ],
      "reference_local": [
        0.9082629084587097,
        0.015520811080932617,
        0.4181119203567505,
        9.313225746154785e-10,
        0.06890110671520233,
        0.9801201224327087,
        -0.1860567182302475,
        0.01747613400220871,
        -0.4126877188682556,
        0.1977967470884323,
        0.8891373872756958,
        -1.4901161193847656e-08,
        0.0,
        0.0,
        0.0,
        1.0
      ]
    },
    {
      "name": "toe4-3.L",
      "parent": "toe4-2.L",
      "rest_local": [
        0.9746427536010742,
        0.15252865850925446,
        0.1637267917394638,
        -9.546056389808655e-09,
        -0.13268356025218964,
        0.9831136465072632,
        -0.12602657079696655,
        0.014219220727682114,
        -0.18018470704555511,
        0.10110703855752945,
        0.9784226417541504,
        3.725290298461914e-09,
        0.0,
        0.0,
        0.0,
        1.0
      ],
      "reference_local": [
        0.9746426939964294,
        0.15252865850925446,
        0.1637267768383026,
        5.587935447692871e-09,
        -0.13268354535102844,
        0.9831135869026184,
        -0.12602661550045013,
        0.014219235628843307,
        -0.18018470704555511,
        0.10110708326101303,
        0.9784225821495056,
        -3.725290298461914e-09,
        0.0,
        0.0,
        0.0,
        1.0
      ]
    },
    {
      "name": "toe5-1.L",
      "parent": "foot.L",
      "rest_local": [
        0.9645454287528992,
        -0.032006073743104935,
        -0.2619686424732208,
        0.044173646718263626,
        0.10572189092636108,
        0.9563535451889038,
        0.27241602540016174,
        0.14722999930381775,
        0.2418157458305359,
        -0.2904534637928009,
        0.9258302450180054,
        -0.025936786085367203,
        0.0,
        0.0,
        0.0,
        1.0
      ],
      "reference_local": [
        0.9645454287528992,
        -0.03200607746839523,
        -0.2619686722755432,
        0.04417361319065094,
        0.10572190582752228,
        0.9563536643981934,
        0.2724161148071289,
        0.14722998440265656,
        0.2418157458305359,
        -0.2904534637928009,
        0.9258302450180054,
        -0.025936797261238098,
        0.0,
        0.0,
        0.0,
        1.0
      ]
    },
    {
      "name": "toe5-2.L",
      "parent": "toe5-1.L",
      "rest_local": [
        0.9691612720489502,
        -0.12974058091640472,
        -0.20950879156589508,
        -8.381903171539307e-09,
        0.10184528678655624,
        0.9850577712059021,
        -0.13888423144817352,
        0.013120780698955059,
        0.22439716756343842,
        0.11326370388269424,
        0.9678932428359985,
        7.450580596923828e-09,
        0.0,
        0.0,
        0.0,
        1.0
      ],
      "reference_local": [
        0.9691612124443054,
        -0.12974056601524353,
        -0.2095087766647339,
        2.2817403078079224e-08,
        0.10184527933597565,
        0.9850575923919678,
        -0.13888421654701233,
        0.013120777904987335,
        0.22439713776111603,
        0.11326370388269424,
        0.967893123626709,
        -1.862645149230957e-09,
        0.0,
        0.0,
        0.0,
        1.0
      ]
    },
    {
      "name": "toe5-3.L",
      "parent": "toe5-2.L",
      "rest_local": [
        0.8873478770256042,
        0.2527887523174286,
        0.385631263256073,
        5.820766091346741e-11,
        -0.18039743602275848,
        0.9599887132644653,
        -0.21419189870357513,
        0.009731525555253029,
        -0.42434701323509216,
        0.12049584835767746,
        0.8974465131759644,
        -1.210719347000122e-08,
        0.0,
        0.0,
        0.0,
        1.0
      ],
      "reference_local": [
        0.8873478770256042,
        0.252788782119751,
        0.3856313228607178,
        -2.2351741790771484e-08,
        -0.18039748072624207,
        0.9599888324737549,
        -0.21419203281402588,
        0.009731538593769073,
        -0.42434707283973694,
        0.12049582600593567,
        0.8974466323852539,
        0.0,
        0.0,
        0.0,
        0.0,
        1.0
      ]
    },
    {
      "name": "pelvis.R",
      "parent": "root",
      "rest_local": [
        -0.10297924280166626,
        -0.994423508644104,
        0.022736281156539917,
        0.0,
        0.9898690581321716,
        -0.10020791739225388,
        0.10058560967445374,
        0.07120948284864426,
        -0.09774629771709442,
        0.032864175736904144,
        0.9946685433387756,
        1.3387762010097504e-08,
        0.0,
        0.0,
        0.0,
        1.0
      ],
      "reference_local": [
        -0.10297924280166626,
        -0.994423508644104,
        0.022736281156539917,
        0.0,
        0.9898690581321716,
        -0.10020791739225388,
        0.10058560967445374,
        0.07120948284864426,
        -0.09774629771709442,
        0.032864175736904144,
        0.9946685433387756,
        1.3387762010097504e-08,
        0.0,
        0.0,
        0.0,
        1.0
      ]
    },
    {
      "name": "upperleg01.R",
      "parent": "pelvis.R",
      "rest_local": [
        -0.26150766015052795,
        -0.022288871929049492,
        -0.9649442434310913,
        -1.3504177331924438e-08,
        -0.9570293426513672,
        0.13580641150474548,
        0.2562257945537567,
        0.11505511403083801,
        0.12533459067344666,
        0.990484893321991,
        -0.056845612823963165,
        -7.502967491745949e-08,
        0.0,
        0.0,
        0.0,
        1.0
      ],
      "reference_local": [
        -0.2526695430278778,
        -0.2938978374004364,
        -0.9218365550041199,
        -1.3504177331924438e-08,
        -0.9649259448051453,
        0.14669935405254364,
        0.21770980954170227,
        0.11505511403083801,
        0.07124832272529602,
        0.9445125460624695,
        -0.3206561505794525,
        -7.502967491745949e-08,
        0.0,
        0.0,
        0.0,
        1.0
      ]
    },
    {
      "name": "upperleg02.R",
      "parent": "upperleg01.R",
      "rest_local": [
        0.9845600128173828,
        0.05653558671474457,
        0.1656658798456192,
        1.3969838619232178e-09,
        -0.01956416293978691,
        0.9760182499885559,
        -0.21680797636508942,
        0.10612334311008453,
        -0.17395024001598358,
        0.2102193683385849,
        0.9620546102523804,
        -3.725290298461914e-09,
        0.0,
        0.0,
        0.0,
        1.0
      ],
      "reference_local": [
        0.9851197600364685,
        -3.888271749019623e-07,
        0.1718687266111374,
        -2.0721927285194397e-08,
        3.348104655742645e-07,
        1.0000001192092896,
        2.1886080503463745e-07,
        0.10612332820892334,
        -0.17186874151229858,
        -1.4994293451309204e-07,
        0.9851194024085999,
        -1.1175870895385742e-08,
        0.0,
        0.0,
        0.0,
        1.0
      ]
    },
    {
      "name": "lowerleg01.R",
      "parent": "upperleg02.R",
      "rest_local": [
        0.9985249638557434,
        -0.02166655659675598,
        -0.049783769994974136,
        7.916241884231567e-09,
        0.018380288034677505,
        0.9976803660392761,
        -0.06554568558931351,
        0.37434205412864685,
        0.05108843371272087,
        0.06453394889831543,
        0.9966068863868713,
        -9.313225746154785e-10,
        0.0,
        0.0,
        0.0,
        1.0
      ],
      "reference_local": [
        0.9954442977905273,
        0.08015509694814682,
        -0.051632221788167953,
        -6.810296326875687e-09,
        -0.08620894700288773,
        0.9879810810089111,
        -0.12830111384391785,
        0.3743421137332916,
        0.04072767123579979,
        0.1321677416563034,
        0.9903903603553772,
        4.6566128730773926e-09,
        0.0,
        0.0,
        0.0,
        1.0
      ]
    },
    {
      "name": "lowerleg02.R",
      "parent": "lowerleg01.R",
      "rest_local": [
        0.9999984502792358,
        0.001323650823906064,
        0.001206874381750822,
        1.7462298274040222e-10,
        -0.0013172588078305125,
        0.9999853372573853,
        -0.005268793553113937,
        0.2179405391216278,
        -0.0012138313613831997,
        0.0052671879529953,
        0.99998539686203,
        3.3760443329811096e-09,
        0.0,
        0.0,
        0.0,
        1.0
      ],
      "reference_local": [
        0.9999993443489075,
        -4.2092869989573956e-07,
        0.0012103605549782515,
        1.8553691916167736e-09,
        4.212197382003069e-07,
        0.9999998807907104,
        4.1360181057825685e-08,
        0.2179405838251114,
        -0.0012103599729016423,
        -3.098466550000012e-08,
        0.9999991655349731,
        -1.4260876923799515e-08,
        0.0,
        0.0,
        0.0,
        1.0
      ]
    },
    {
      "name": "foot.R",
      "parent": "lowerleg02.R",
      "rest_local": [
        0.9884344339370728,
        0.032143328338861465,
        0.14820337295532227,
        2.158049028366804e-08,
        -0.1465752273797989,
        0.4531760513782501,
        0.8792878985404968,
        0.23993562161922455,
        -0.038898978382349014,
        -0.8908413052558899,
        0.4526462256908417,
        -1.5133991837501526e-09,
        0.0,
        0.0,
        0.0,
        1.0
      ],
      "reference_local": [
        0.9898945093154907,
        0.02118566818535328,
        0.14021386206150055,
        -1.0622898116707802e-08,
        -0.11505752801895142,
        0.6979590654373169,
        0.7068342566490173,
        0.23993560671806335,
        -0.08288879692554474,
        -0.7158250212669373,
        0.6933425068855286,
        -1.7113052308559418e-08,
        0.0,
        0.0,
        0.0,
        1.0
      ]
    },
    {
      "name": "toe1-1.R",
      "parent": "foot.R",
      "rest_local": [
        0.992760419845581,
        -0.059535183012485504,
        -0.10431718081235886,
        0.0338437482714653,
        0.08335501700639725,
        0.9668153524398804,
        0.2414945363998413,
        0.15320798754692078,
        0.08647806197404861,
        -0.24844162166118622,
        0.9647789001464844,
        -0.036173999309539795,
        0.0,
        0.0,
        0.0,
        1.0
      ],
      "reference_local": [
        0.9927604794502258,
        -0.059535183012485504,
        -0.10431716591119766,
        0.03384373337030411,
        0.08335502445697784,
        0.9668154716491699,
        0.24149450659751892,
        0.15320801734924316,
        0.08647806197404861,
        -0.2484416961669922,
        0.9647788405418396,
        -0.036174025386571884,
        0.0,
        0.0,
        0.0,
        1.0
      ]
    },
    {
      "name": "toe1-2.R",
      "parent": "toe1-1.R",
      "rest_local": [
        0.9881729483604431,
        -0.04121686518192291,
        0.14770081639289856,
        -4.773028194904327e-09,
        0.053124167025089264,
        0.9955680966377258,
        -0.07760052382946014,
        0.030095290392637253,
        -0.14384779334068298,
        0.08452921360731125,
        0.98598313331604,
        9.313225746154785e-10,
        0.0,
        0.0,
        0.0,
        1.0
      ],
      "reference_local": [
        0.9881728887557983,
        -0.04121687263250351,
        0.14770083129405975,
        6.28642737865448e-09,
        0.053124189376831055,
        0.9955682158470154,
        -0.07760050892829895,
        0.03009531833231449,
        -0.14384780824184418,
        0.08452919870615005,
        0.98598313331604,
        9.313225746154785e-10,
        0.0,
        0.0,
        0.0,
        1.0
      ]
    },
    {
      "name": "toe2-1.R",
      "parent": "foot.R",
      "rest_local": [
        0.9993910789489746,
        -0.03487788513302803,
        -0.0008047702722251415,
        0.007523238658905029,
        0.032702911645174026,
        0.928536593914032,
        0.3697971999645233,
        0.15819011628627777,
        -0.012150485068559647,
        -0.3695984482765198,
        0.9291120171546936,
        -0.03591863065958023,
        0.0,
        0.0,
        0.0,
        1.0
      ],
      "reference_local": [
        0.9993911385536194,
        -0.03487788513302803,
        -0.0008047670125961304,
        0.007523227017372847,
        0.03270290791988373,
        0.9285366535186768,
        0.3697972595691681,
        0.15819013118743896,
        -0.012150488793849945,
        -0.36959847807884216,
        0.9291120767593384,
        -0.035918645560741425,
        0.0,
        0.0,
        0.0,
        1.0
      ]
    },
    {
      "name": "toe2-2.R",
      "parent": "toe2-1.R",
      "rest_local": [
        0.9982033967971802,
        0.033760689198970795,
        0.049499768763780594,
        1.1990778148174286e-08,
        -0.021683230996131897,
        0.9736918807029724,
        -0.2268342822790146,
        0.024328626692295074,
        -0.055855587124824524,
        0.22535340487957,
        0.972674548625946,
        9.313225746154785e-10,
        0.0,
        0.0,
        0.0,
        1.0
      ],
      "reference_local": [
        0.9982032179832458,
        0.033760689198970795,
        0.04949973151087761,
        1.0011717677116394e-08,
        -0.021683238446712494,
        0.9736919403076172,
        -0.226834237575531,
        0.02432861551642418,
        -0.055855587124824524,
        0.22535333037376404,
        0.9726746082305908,
        -2.7939677238464355e-09,
        0.0,
        0.0,
        0.0,
        1.0
      ]
    },
    {
      "name": "toe2-3.R",
      "parent": "toe2-2.R",
      "rest_local": [
        0.9384304285049438,
        -0.02602938562631607,
        -0.34448638558387756,
        -1.0011717677116394e-08,
        0.03774591162800789,
        0.9989131689071655,
        0.027347467839717865,
        0.0161947812885046,
        0.34340009093284607,
        -0.03866669908165932,
        0.9383928179740906,
        1.862645149230957e-09,
        0.0,
        0.0,
        0.0,
        1.0
      ],
      "reference_local": [
        0.9384303689002991,
        -0.026029378175735474,
        -0.3444863557815552,
        -1.7695128917694092e-08,
        0.03774591535329819,
        0.9989131689071655,
        0.027347471565008163,
        0.016194798052310944,
        0.34340009093284607,
        -0.03866661339998245,
        0.9383928775787354,
        0.0,
        0.0,
        0.0,
        0.0,
        1.0
      ]
    },
    {
      "name": "toe3-1.R",
      "parent": "foot.R",
      "rest_local": [
        0.807701051235199,
        0.0067426590248942375,
        0.589553713798523,
        -0.011405394412577152,
        -0.23360678553581238,
        0.9217565059661865,
        0.3095041513442993,
        0.15698328614234924,
        -0.5413380861282349,
        -0.3877106308937073,
        0.7460787296295166,
        -0.032639116048812866,
        0.0,
        0.0,
        0.0,
        1.0
      ],
      "reference_local": [
        0.8077011108398438,
        0.006742656230926514,
        0.5895537734031677,
        -0.011405427008867264,
        -0.23360678553581238,
        0.9217564463615417,
        0.3095042407512665,
        0.15698330104351044,
        -0.5413379669189453,
        -0.3877105712890625,
        0.7460787296295166,
        -0.03263912349939346,
        0.0,
        0.0,
        0.0,
        1.0
      ]
    },
    {
      "name": "toe3-2.R",
      "parent": "toe3-1.R",
      "rest_local": [
        0.9057628512382507,
        -0.0864153578877449,
        -0.41488078236579895,
        9.313225746154785e-09,
        -0.0021092165261507034,
        0.9780575633049011,
        -0.20832407474517822,
        0.02236168086528778,
        0.42377975583076477,
        0.1895672231912613,
        0.8857058882713318,
        1.862645149230957e-09,
        0.0,
        0.0,
        0.0,
        1.0
      ],
      "reference_local": [
        0.905762791633606,
        -0.0864153653383255,
        -0.4148808717727661,
        1.30385160446167e-08,
        -0.0021092481911182404,
        0.9780575037002563,
        -0.20832405984401703,
        0.02236168086528778,
        0.42377978563308716,
        0.18956723809242249,
        0.8857058882713318,
        0.0,
        0.0,
        0.0,
        0.0,
        1.0
      ]
    },
    {
      "name": "toe3-3.R",
      "parent": "toe3-2.R",
      "rest_local": [
        0.8801293969154358,
        -0.01968216523528099,
        -0.4743257761001587,
        9.313225746154785e-10,
        0.044297754764556885,
        0.998185932636261,
        0.04077640548348427,
        0.014609182253479958,
        0.47266265749931335,
        -0.05690012499690056,
        0.8794045448303223,
        7.450580596923828e-09,
        0.0,
        0.0,
        0.0,
        1.0
      ],
      "reference_local": [
        0.8801292777061462,
        -0.01968216337263584,
        -0.4743257462978363,
        -1.862645149230957e-08,
        0.04429776594042778,
        0.9981856942176819,
        0.04077637940645218,
        0.014609180390834808,
        0.47266262769699097,
        -0.056900106370449066,
        0.8794045448303223,
        0.0,
        0.0,
        0.0,
        0.0,
        1.0
      ]
    },
    {
      "name": "toe4-1.R",
      "parent": "foot.R",
      "rest_local": [
        0.8503549695014954,
        0.014561161398887634,
        0.5260080099105835,
        -0.028166769072413445,
        -0.2049274742603302,
        0.9298624992370605,
        0.30554893612861633,
        0.14998763799667358,
        -0.484666109085083,
        -0.36761853098869324,
        0.7936972379684448,
        -0.028541916981339455,
        0.0,
        0.0,
        0.0,
        1.0
      ],
      "reference_local": [
        0.8503550291061401,
        0.014561150223016739,
        0.5260080695152283,
        -0.028166798874735832,
        -0.20492754876613617,
        0.9298626184463501,
        0.30554893612861633,
        0.14998763799667358,
        -0.484666109085083,
        -0.36761847138404846,
        0.7936971783638,
        -0.02854193188250065,
        0.0,
        0.0,
        0.0,
        1.0
      ]
    },
    {
      "name": "toe4-2.R",
      "parent": "toe4-1.R",
      "rest_local": [
        0.9082629084587097,
        -0.015520773828029633,
        -0.4181119501590729,
        -9.313225746154785e-09,
        -0.06890108436346054,
        0.9801202416419983,
        -0.1860567331314087,
        0.01747613586485386,
        0.41268762946128845,
        0.1977967768907547,
        0.8891373872756958,
        1.30385160446167e-08,
        0.0,
        0.0,
        0.0,
        1.0
      ],
      "reference_local": [
        0.9082629084587097,
        -0.015520758926868439,
        -0.41811197996139526,
        -1.0244548320770264e-08,
        -0.06890107691287994,
        0.9801201224327087,
        -0.18605676293373108,
        0.01747613027691841,
        0.4126876890659332,
        0.19779682159423828,
        0.8891374468803406,
        3.725290298461914e-09,
        0.0,
        0.0,
        0.0,
        1.0
      ]
    },
    {
      "name": "toe4-3.R",
      "parent": "toe4-2.R",
      "rest_local": [
        0.9746427536010742,
        -0.15252865850925446,
        -0.1637267917394638,
        9.546056389808655e-09,
        0.13268356025218964,
        0.9831136465072632,
        -0.12602657079696655,
        0.014219220727682114,
        0.18018470704555511,
        0.10110703855752945,
        0.9784226417541504,
        3.725290298461914e-09,
        0.0,
        0.0,
        0.0,
        1.0
      ],
      "reference_local": [
        0.974642813205719,
        -0.15252867341041565,
        -0.163726806640625,
        6.984919309616089e-09,
        0.13268357515335083,
        0.9831136465072632,
        -0.12602666020393372,
        0.014219235628843307,
        0.1801847219467163,
        0.10110706835985184,
        0.9784227013587952,
        3.725290298461914e-09,
        0.0,
        0.0,
        0.0,
        1.0
      ]
    },
    {
      "name": "toe5-1.R",
      "parent": "foot.R",
      "rest_local": [
        0.9645454287528992,
        0.032006073743104935,
        0.2619686424732208,
        -0.044173646718263626,
        -0.10572189092636108,
        0.9563535451889038,
        0.27241602540016174,
        0.14722999930381775,
        -0.2418157458305359,
        -0.2904534637928009,
        0.9258302450180054,
        -0.025936786085367203,
        0.0,
        0.0,
        0.0,
        1.0
      ],
      "reference_local": [
        0.964545488357544,
        0.03200608119368553,
        0.2619687020778656,
        -0.04417366161942482,
        -0.10572193562984467,
        0.9563537240028381,
        0.27241602540016174,
        0.14722999930381775,
        -0.2418157458305359,
        -0.2904535233974457,
        0.9258302450180054,
        -0.0259367935359478,
        0.0,
        0.0,
        0.0,
        1.0
      ]
    },
    {
      "name": "toe5-2.R",
      "parent": "toe5-1.R",
      "rest_local": [
        0.9691612720489502,
        0.12974058091640472,
        0.20950879156589508,
        8.381903171539307e-09,
        -0.10184528678655624,
        0.9850577712059021,
        -0.13888423144817352,
        0.013120780698955059,
        -0.22439716756343842,
        0.11326370388269424,
        0.9678932428359985,
        7.450580596923828e-09,
        0.0,
        0.0,
        0.0,
        1.0
      ],
      "reference_local": [
        0.969161331653595,
        0.12974059581756592,
        0.2095087319612503,
        1.257285475730896e-08,
        -0.10184526443481445,
        0.9850577712059021,
        -0.13888415694236755,
        0.01312077697366476,
        -0.22439706325531006,
        0.11326377838850021,
        0.9678931832313538,
        9.313225746154785e-10,
        0.0,
        0.0,
        0.0,
        1.0
      ]
    },
    {
      "name": "toe5-3.R",
      "parent": "toe5-2.R",
      "rest_local": [
        0.8873478770256042,
        -0.2527887523174286,
        -0.385631263256073,
        -5.820766091346741e-11,
        0.18039743602275848,
        0.9599887132644653,
        -0.21419189870357513,
        0.009731525555253029,
        0.42434701323509216,
        0.12049584835767746,
        0.8974465131759644,
        -1.210719347000122e-08,
        0.0,
        0.0,
        0.0,
        1.0
      ],
      "reference_local": [
        0.887347936630249,
        -0.25278881192207336,
        -0.3856312930583954,
        -1.7695128917694092e-08,
        0.18039749562740326,
        0.9599886536598206,
        -0.21419188380241394,
        0.009731539525091648,
        0.42434704303741455,
        0.12049578130245209,
        0.8974464535713196,
        -9.313225746154785e-09,
        0.0,
        0.0,
        0.0,
        1.0
      ]
    },
    {
      "name": "spine05",
      "parent": "root",
      "rest_local": [
        1.0,
        0.0,
        0.0,
        0.0,
        0.0,
        -0.1661251336336136,
        0.9861046671867371,
        0.07120948284864426,
        0.0,
        -0.9861046075820923,
        -0.16612516343593597,
        1.3387762010097504e-08,
        0.0,
        0.0,
        0.0,
        1.0
      ],
      "reference_local": [
        1.0,
        0.0,
        0.0,
        0.0,
        0.0,
        0.18237033486366272,
        0.9832296967506409,
        0.07120950520038605,
        0.0,
        -0.9832301139831543,
        0.18237024545669556,
        1.7113052308559418e-08,
        0.0,
        0.0,
        0.0,
        1.0
      ]
    },
    {
      "name": "spine04",
      "parent": "spine05",
      "rest_local": [
        1.0,
        0.0,
        0.0,
        0.0,
        0.0,
        0.8835008144378662,
        -0.4684295058250427,
        0.09652751684188843,
        0.0,
        0.4684295058250427,
        0.8835008144378662,
        9.313225746154785e-09,
        0.0,
        0.0,
        0.0,
        1.0
      ],
      "reference_local": [
        1.0,
        0.0,
        0.0,
        0.0,
        0.0,
        1.0000008344650269,
        4.768386361320154e-07,
        0.0965275764465332,
        0.0,
        -4.172327976448287e-07,
        0.9999992847442627,
        5.273696501717495e-08,
        0.0,
        0.0,
        0.0,
        1.0
      ]
    },
    {
      "name": "spine03",
      "parent": "spine04",
      "rest_local": [
        1.0,
        0.0,
        0.0,
